FoamFile
{
    version     2.0;
    format      ascii;
    class       faceList;
    location    "constant/polyMesh";
    object      faces;
}

196       
(
4(0 4 56 52)
4(2 5 57 54)
4(37 1 53 89)
4(3 6 58 55)
4(4 37 89 56)
4(5 4 56 57)
4(4 7 59 56)
4(6 5 57 58)
4(5 8 60 57)
4(37 6 58 89)
4(38 37 89 90)
4(6 9 61 58)
4(7 38 90 59)
4(8 7 59 60)
4(7 10 62 59)
4(9 8 60 61)
4(8 11 63 60)
4(38 9 61 90)
4(39 38 90 91)
4(9 12 64 61)
4(10 39 91 62)
4(11 10 62 63)
4(10 13 65 62)
4(12 11 63 64)
4(11 14 66 63)
4(39 12 64 91)
4(40 39 91 92)
4(12 15 67 64)
4(13 40 92 65)
4(14 13 65 66)
4(13 16 68 65)
4(15 14 66 67)
4(14 17 69 66)
4(40 15 67 92)
4(41 40 92 93)
4(15 18 70 67)
4(16 41 93 68)
4(17 16 68 69)
4(16 19 71 68)
4(18 17 69 70)
4(17 20 72 69)
4(41 18 70 93)
4(42 41 93 94)
4(18 21 73 70)
4(19 42 94 71)
4(20 19 71 72)
4(19 22 74 71)
4(21 20 72 73)
4(20 23 75 72)
4(42 21 73 94)
4(43 42 94 95)
4(21 24 76 73)
4(22 43 95 74)
4(23 22 74 75)
4(22 25 77 74)
4(24 23 75 76)
4(23 26 78 75)
4(43 24 76 95)
4(44 43 95 96)
4(24 27 79 76)
4(25 44 96 77)
4(26 25 77 78)
4(25 28 80 77)
4(27 26 78 79)
4(26 29 81 78)
4(44 27 79 96)
4(45 44 96 97)
4(27 30 82 79)
4(28 45 97 80)
4(29 28 80 81)
4(28 31 83 80)
4(30 29 81 82)
4(29 32 84 81)
4(45 30 82 97)
4(46 45 97 98)
4(30 33 85 82)
4(31 46 98 83)
4(32 31 83 84)
4(31 34 86 83)
4(33 32 84 85)
4(32 35 87 84)
4(46 33 85 98)
4(47 46 98 99)
4(33 36 88 85)
4(34 47 99 86)
4(35 34 86 87)
4(34 51 103 86)
4(36 35 87 88)
4(35 50 102 87)
4(47 36 88 99)
4(48 47 99 100)
4(36 49 101 88)
4(1 0 52 53)
4(0 2 54 52)
4(2 3 55 54)
4(3 1 53 55)
4(48 49 101 100)
4(49 50 102 101)
4(50 51 103 102)
4(51 48 100 103)
4(37 4 0 1)
4(4 5 2 0)
4(5 6 3 2)
4(6 37 1 3)
4(38 7 4 37)
4(7 8 5 4)
4(8 9 6 5)
4(9 38 37 6)
4(39 10 7 38)
4(10 11 8 7)
4(11 12 9 8)
4(12 39 38 9)
4(40 13 10 39)
4(13 14 11 10)
4(14 15 12 11)
4(15 40 39 12)
4(41 16 13 40)
4(16 17 14 13)
4(17 18 15 14)
4(18 41 40 15)
4(42 19 16 41)
4(19 20 17 16)
4(20 21 18 17)
4(21 42 41 18)
4(43 22 19 42)
4(22 23 20 19)
4(23 24 21 20)
4(24 43 42 21)
4(44 25 22 43)
4(25 26 23 22)
4(26 27 24 23)
4(27 44 43 24)
4(45 28 25 44)
4(28 29 26 25)
4(29 30 27 26)
4(30 45 44 27)
4(46 31 28 45)
4(31 32 29 28)
4(32 33 30 29)
4(33 46 45 30)
4(47 34 31 46)
4(34 35 32 31)
4(35 36 33 32)
4(36 47 46 33)
4(48 51 34 47)
4(51 50 35 34)
4(50 49 36 35)
4(49 48 47 36)
4(53 52 56 89)
4(52 54 57 56)
4(54 55 58 57)
4(55 53 89 58)
4(89 56 59 90)
4(56 57 60 59)
4(57 58 61 60)
4(58 89 90 61)
4(90 59 62 91)
4(59 60 63 62)
4(60 61 64 63)
4(61 90 91 64)
4(91 62 65 92)
4(62 63 66 65)
4(63 64 67 66)
4(64 91 92 67)
4(92 65 68 93)
4(65 66 69 68)
4(66 67 70 69)
4(67 92 93 70)
4(93 68 71 94)
4(68 69 72 71)
4(69 70 73 72)
4(70 93 94 73)
4(94 71 74 95)
4(71 72 75 74)
4(72 73 76 75)
4(73 94 95 76)
4(95 74 77 96)
4(74 75 78 77)
4(75 76 79 78)
4(76 95 96 79)
4(96 77 80 97)
4(77 78 81 80)
4(78 79 82 81)
4(79 96 97 82)
4(97 80 83 98)
4(80 81 84 83)
4(81 82 85 84)
4(82 97 98 85)
4(98 83 86 99)
4(83 84 87 86)
4(84 85 88 87)
4(85 98 99 88)
4(99 86 103 100)
4(86 87 102 103)
4(87 88 101 102)
4(88 99 100 101)
)
