FoamFile
{
    version     2.0;
    format      ascii;
    class       labelList;
    location    "constant/polyMesh";
    object      owner;
}

196       
(
 0 1 0 2 0 1 4 2 5 3
 4 6 4 5 8 6 9 7 8 10
 8 9 12 10 13 11 12 14 12 13
 16 14 17 15 16 18 16 17 20 18
 21 19 20 22 20 21 24 22 25 23
 24 26 24 25 28 26 29 27 28 30
 28 29 32 30 33 31 32 34 32 33
 36 34 37 35 36 38 36 37 40 38
 41 39 40 42 40 41 44 42 45 43
 44 46 0 1 2 3 47 46 45 44
 0 1 2 3 4 5 6 7 8 9
 10 11 12 13 14 15 16 17 18 19
 20 21 22 23 24 25 26 27 28 29
 30 31 32 33 34 35 36 37 38 39
 40 41 42 43 44 45 46 47 0 1
 2 3 4 5 6 7 8 9 10 11
 12 13 14 15 16 17 18 19 20 21
 22 23 24 25 26 27 28 29 30 31
 32 33 34 35 36 37 38 39 40 41
 42 43 44 45 46 47
)
