FoamFile
{
    version     2.0;
    format      ascii;
    class       vectorField;
    location    "constant/polyMesh";
    object      points;
}

104       
(
(0.5 0.0375 0)
(0.5 -0.1124962203506962 0)
(0.5356976063268311 0.0375 0)
(0.5356976063268311 -0.1124962203506962 0)
(0.452383099479217 0.07956046301618337 0)
(0.5833145068476141 0.07956046301618334 0)
(0.5833145068476141 -0.1545566833668796 0)
(0.399388362755408 0.1239653576423509 0)
(0.6363092435714232 0.1239653576423509 0)
(0.6363092435714232 -0.1989615779930471 0)
(0.3434391195208901 0.1726715773566887 0)
(0.692258486805941 0.1726715773566887 0)
(0.692258486805941 -0.2476677977073849 0)
(0.2845186306806761 0.2242128832546309 0)
(0.7511789756461551 0.2242128832546309 0)
(0.7511789756461551 -0.2992091036053271 0)
(0.2300246484206728 0.2738891322533139 0)
(0.8056729579061583 0.2738891322533139 0)
(0.8056729579061584 -0.3488853526040101 0)
(0.1751293499138094 0.3242316480187853 0)
(0.8605682564130218 0.3242316480187854 0)
(0.8605682564130219 -0.3992278683694815 0)
(0.1115357922118624 0.3830128187716036 0)
(0.9241618141149687 0.3830128187716036 0)
(0.9241618141149688 -0.4580090391222998 0)
(0.04529552888010691 0.4456187610508803 0)
(0.9904020774467243 0.4456187610508803 0)
(0.9904020774467244 -0.5206149814015766 0)
(-0.02672166343578637 0.514959767518685 0)
(1.062419269762618 0.514959767518685 0)
(1.062419269762618 -0.5899559878693813 0)
(-0.1056152305046101 0.591884070702876 0)
(1.141312836831441 0.591884070702876 0)
(1.141312836831441 -0.6668802910535723 0)
(-0.1922409588021428 0.6770548539792877 0)
(1.227938565128974 0.6770548539792877 0)
(1.227938565128974 -0.752051074329984 0)
(0.452383099479217 -0.1545566833668796 0)
(0.3993883627554081 -0.1989615779930471 0)
(0.3434391195208902 -0.2476677977073849 0)
(0.2845186306806762 -0.2992091036053271 0)
(0.2300246484206729 -0.3488853526040101 0)
(0.1751293499138095 -0.3992278683694816 0)
(0.1115357922118626 -0.4580090391222998 0)
(0.04529552888010713 -0.5206149814015765 0)
(-0.02672166343578616 -0.5899559878693812 0)
(-0.1056152305046099 -0.6668802910535722 0)
(-0.1922409588021425 -0.7520510743299839 0)
(-0.2874652173238351 -0.8461947619878383 0)
(1.323162823650667 -0.8461947619878384 0)
(1.323162823650666 0.7711985416371421 0)
(-0.2874652173238355 0.7711985416371421 0)
(0.5 0.0375 0.2)
(0.5 -0.1124962203506962 0.2)
(0.5356976063268311 0.0375 0.2)
(0.5356976063268311 -0.1124962203506962 0.2)
(0.452383099479217 0.07956046301618337 0.2)
(0.5833145068476141 0.07956046301618334 0.2)
(0.5833145068476141 -0.1545566833668796 0.2)
(0.399388362755408 0.1239653576423509 0.2)
(0.6363092435714232 0.1239653576423509 0.2)
(0.6363092435714232 -0.1989615779930471 0.2)
(0.3434391195208901 0.1726715773566887 0.2)
(0.692258486805941 0.1726715773566887 0.2)
(0.692258486805941 -0.2476677977073849 0.2)
(0.2845186306806761 0.2242128832546309 0.2)
(0.7511789756461551 0.2242128832546309 0.2)
(0.7511789756461551 -0.2992091036053271 0.2)
(0.2300246484206728 0.2738891322533139 0.2)
(0.8056729579061583 0.2738891322533139 0.2)
(0.8056729579061584 -0.3488853526040101 0.2)
(0.1751293499138094 0.3242316480187853 0.2)
(0.8605682564130218 0.3242316480187854 0.2)
(0.8605682564130219 -0.3992278683694815 0.2)
(0.1115357922118624 0.3830128187716036 0.2)
(0.9241618141149687 0.3830128187716036 0.2)
(0.9241618141149688 -0.4580090391222998 0.2)
(0.04529552888010691 0.4456187610508803 0.2)
(0.9904020774467243 0.4456187610508803 0.2)
(0.9904020774467244 -0.5206149814015766 0.2)
(-0.02672166343578637 0.514959767518685 0.2)
(1.062419269762618 0.514959767518685 0.2)
(1.062419269762618 -0.5899559878693813 0.2)
(-0.1056152305046101 0.591884070702876 0.2)
(1.141312836831441 0.591884070702876 0.2)
(1.141312836831441 -0.6668802910535723 0.2)
(-0.1922409588021428 0.6770548539792877 0.2)
(1.227938565128974 0.6770548539792877 0.2)
(1.227938565128974 -0.752051074329984 0.2)
(0.452383099479217 -0.1545566833668796 0.2)
(0.3993883627554081 -0.1989615779930471 0.2)
(0.3434391195208902 -0.2476677977073849 0.2)
(0.2845186306806762 -0.2992091036053271 0.2)
(0.2300246484206729 -0.3488853526040101 0.2)
(0.1751293499138095 -0.3992278683694816 0.2)
(0.1115357922118626 -0.4580090391222998 0.2)
(0.04529552888010713 -0.5206149814015765 0.2)
(-0.02672166343578616 -0.5899559878693812 0.2)
(-0.1056152305046099 -0.6668802910535722 0.2)
(-0.1922409588021425 -0.7520510743299839 0.2)
(-0.2874652173238351 -0.8461947619878383 0.2)
(1.323162823650667 -0.8461947619878384 0.2)
(1.323162823650666 0.7711985416371421 0.2)
(-0.2874652173238355 0.7711985416371421 0.2)
)
